fun = @(x) x.^2
fun =
@(x) x .^ 2
fun(1:7)
ans =
    1    4    9   16   25   36   49
